0.43220112026057317
0.4364612142172008
0.44083851568288807
0.4454041340187283
0.44995400764359983
0.4546126783907858
0.45913642351682415
0.4637415607196065
0.46860640748933696
0.4733827869286802
0.47808111813492393
0.48300427232904486
0.4877954230546496
0.4927692159720648
0.4978937083194659
0.5031047727837457
0.5081650659083209
0.5133892724386859
0.5187577272872297
0.5240311864047964
0.5294776765933455
0.5351278130740287
0.540570898030006
0.5462602361898031
0.5518805753711218
0.5578549346484469
0.5637854149238585
0.5696655390079854
0.5756884134515589
0.5817771570400833
0.5878432071254746
0.5939789911865675
0.6000800494405152
0.6063092563463327
0.6128171210075158
0.6191710631973508
0.625680156068721
0.6321015748941468
0.638641530740407
0.6451198868000891
0.6520160353529817
0.6588763517783074
0.6659084552711255
0.6729791238411579
0.680019764377539
0.6870367875156282
0.6944731918027325
0.7020425543669018
0.7094684581048494
0.7172644472410422
0.7249173728112364
0.7323654937035521
0.7401887246115901
0.7482039630963254
0.7559429025982701
0.7642804549148879
0.7726087972317156
0.7808750332436604
0.7892040718427185
0.7979580677258102
0.8062308245310884
0.814968705849279
0.8236906453187197
0.8329302371770309
0.842324082177296
0.851115749881955
0.8609265846391622
0.8705966709487818
0.8811119251438287
0.8908094593768301
0.9004800053725276
0.9103817053042309
0.9201691116976153
0.9304681463033707
0.9407917649590958
0.9511145084625892
0.9618676848685715
0.9724101604368666
0.9830004554380334
0.9939735801225847
1.0051913854207153
1.0167078145700803
1.0284043032826256
1.0409181252488453
1.0521104907221914
1.0643308792370814
1.075596017701936
1.0873280928590414
1.0992669761514708
1.1120108211669453
1.1252833799451558
1.1378318137068972
1.1512952070974438
1.1649527615465618
1.1778339667718518
1.1912738035540915
1.205458752287009
1.21911833407635
1.232062839439834
1.245721209391859
1.2594675033555918
1.274248730599045
1.288738812312492
1.3038434821745943
1.3191344347084797
1.3340147003821508
1.3503200617914815
1.3659609170667386
1.3800979824725539
1.3952089715925087
1.4106036678081249
1.4265390988092357
1.4441466089469692
1.4595474096346484
1.4767779650270585
1.493526736424885
1.5108088901071033
1.5289665597334612
1.5488733240216492
1.5675878416483022
1.5865672031134925
1.6054903293953195
1.62482225013829
1.643483072618508
1.6639977641860801
1.684764946149249
1.7049050523035734
1.7240305996369982
1.7458096769897147
1.7672845185607016
1.787308039136136
1.8083311718700699
1.828245715131249
1.8537149928455197
1.8766041703152243
1.9005449756496462
1.920179497220903
1.9461479185028996
1.9699561493923032
1.9935794368581692
2.021272779817767
2.0465316108506775
2.070177505748687
2.092793758605735
2.118084332217657
2.143251431785064
2.169429070363697
2.1948771454218234
2.2231385003559723
2.2502705499627824
2.2831951841781986
2.3106164995199485
2.338070785488918
2.3701527520198136
2.3998652468960824
2.4314985074474005
2.4628009923999032
2.4998979548628677
2.5329593080262667
2.5653318521726147
2.5949493897999183
2.6286249992439092
2.6619455001239123
2.6963833438607976
2.726584486214885
2.756071010766514
2.793316420666235
2.8254076872817975
2.866191414325989
2.9075477435906034
2.9457766779082735
2.98711967750841
3.027734935449336
3.0624398548303486
3.1105495556225016
3.1421135615478364
3.183715690616471
3.2220498903117787
3.2595891229526237
3.3023931836930425
3.3477347975543394
3.394187904796419
3.4399185076349563
3.48112615846979
3.529079596151912
3.56625209910214
3.6256448707361666
3.6761029414495767
3.72703482960789
3.773175906588191
3.8321358819781124
3.8858361546247115
3.9382066096584274
3.995273197158248
4.05940964633339
4.118202625306876
4.17481658399957
4.2332425201269785
4.284921311290435
4.34106451016633
4.407822930355102
4.481344797739829
4.532396544101456
4.602340789596716
4.658934226403609
4.729742687643204
4.793224909025736
4.864256360329327
4.942926530581089
5.014915322043973
5.073352132030911
5.137260200200025
5.208668879414612
5.273650599711598
5.343705722135312
5.432360083909471
5.5238338501460165
5.60189414892959
5.684769976143869
5.782126358104271
5.8878837943422235
5.972410654213582
6.064933748251454
6.1586954860140946
6.2438616820456865
6.316163201141522
6.4090026986014195
6.511647192940877
6.64121690810847
6.7687293664760135
6.848990319102645
6.961806716496136
7.094975554224273
7.211196746087567
7.311130063623649
7.4171439215963275
7.533885673145583
7.6614345517228335
7.767878476450661
7.8494969965010615
7.985975477218494
8.085179727813552
8.199634191751032
8.349913376610614
8.452621100017502
8.589146982534308
8.725680974020097
8.890674610139097
9.020070599909264
9.176344335621016
9.27648167386366
9.405036545452758
9.530893426135963
9.636897390136312
9.751862741351943
9.867716799852046
9.964960972042913
10.061315825765742
10.2763294755971
10.391734482980965
10.490796013238768
10.666432813172635
10.85297443797043
11.031050510091166
11.149147628613697
11.30942554777466
11.625817844116076
11.810604160908483
11.999454559259469
12.052452432612059
12.302715361535896
12.50044812255838
12.63984616728923
12.923556707489224
13.19357933905249
13.392169888877671
13.542308992580475
13.846984747442368
14.153294974973077
14.35986652722358
14.633965257086544
14.811642931759588
15.035690778114743
15.15573033397265
15.524981028445087
15.694013524078475
15.989043553859235
16.262871995487888
16.473143622709898
16.701605959529424
16.874660119204506
17.35715731957677
17.55204709912515
17.926724224186422
17.98833638081962
18.123679711580127
18.248392134580204
18.54136102104887
18.719846146157202
18.808621590754807
19.127756161609334
19.296367457220033
19.629407394543623
19.90482255458482
20.27693708358213
20.608439577904768
20.9813913427448
21.438747566017707
21.598307498170836
21.962316335031584
22.4761849228987
22.680162800986338
23.02840087222135
23.216898473555432
23.42095640230044
23.692319888085716
23.8738571123881
24.361004134297737
24.667602878416748
24.802356768082394
24.893063082436353
25.058444415538226
25.382855970404083
25.80303385355936
26.140344540806602
26.721043770496703
27.186512090199262
27.383997297782305
27.454922939106172
27.870495118857264
28.29936063149043
28.934151441277116
29.7351906883533
29.79791964857679
30.031864533134513
30.694892772333272
31.15459117818458
31.913639624616824
32.21123817887133
32.970305836169935
33.396481575448135
33.81518251980366
34.672833798098104
35.14551068071923
35.47373056744993
36.027644054998476
36.06237849736814
36.49904036793796
37.305894471744054
37.72877877034588
37.8386293213034
37.948765421619065
38.56116652956176
38.98560253372266
40.57095240294553
40.689380462341454
41.494292939897925
41.611681598402384
41.660876389792406
41.660876389792406
41.75981998383788
41.75981998383788
41.91473323822366
42.541059184387045
42.59482957667415
42.70100756374931
43.91915820303542
44.85505955919375
44.92404102046203
45.617702868767594
45.617702868767594
46.27849109323322
46.36877003872579
46.508824736038605
47.51553619099152
48.681303876950345
48.76360620755273
48.87130145794503
50.06779904911162
50.12211431770658
50.21312913517353
50.21312913517353
50.39689509290736
50.489661218723214
50.7148852834499
50.7148852834499
51.011050920001466
51.011050920001466
51.10784676560078
51.2052921243804
51.2052921243804
51.501612851164474
51.501612851164474
51.501612851164474
52.15398578062404
52.15398578062404
53.21345081302278
53.21345081302278
54.849712582136405
54.849712582136405
54.97561756799947
54.97561756799947
54.97561756799947
54.97561756799947
55.11554708361268
56.573434044197626
56.71496962160724
57.00216231969286
57.325063916660426
60.603496759468335
60.603496759468335
60.603496759468335
60.603496759468335
60.80848981367857
60.80848981367857
61.054125829240455
61.054125829240455
61.054125829240455
61.054125829240455
61.054125829240455
63.28688461946554
63.28688461946554
63.28688461946554
63.736929302703125
63.736929302703125
63.736929302703125
63.80561468426319
63.874624417449546
66.32260964392982
66.32260964392982
66.32260964392982
66.32260964392982
66.32260964392982
66.32260964392982
66.32260964392982
66.32260964392982
66.32260964392982
66.62603448311845
71.619229827837
71.619229827837
71.619229827837
71.619229827837
71.619229827837
71.619229827837
71.619229827837
71.619229827837
71.619229827837
72.473391930041
72.473391930041
72.473391930041
72.473391930041
72.89887050951906
72.89887050951906
72.89887050951906
80.73014055750296
80.73014055750296
108.26636278710538
108.26636278710538
108.26636278710538
108.26636278710538