0.25488713517560646
0.2548661217033499
0.2548120662257451
0.25482161299656114
0.25486271970063584
0.2547312927054599
0.25485232239413846
0.2547191787070431
0.2546933109636352
0.25463444871836516
0.25451405841008634
0.25455267436477064
0.254538287832182
0.2545803648908283
0.2545574156303885
0.25461476472051225
0.25460996333795827
0.25460491024426224
0.2547388711052211
0.25481367694592005
0.25493784141875214
0.2550560645427328
0.2551164776601342
0.25512182104814735
0.2550106801805887
0.25504365536888446
0.25495177030725436
0.2548746565767734
0.2547108878300612
0.2547757916799282
0.25461490089928873
0.2547209407767486
0.2546984017608551
0.2548072538912168
0.25476299625464904
0.2547430884892835
0.25480407874066524
0.25474714405504134
0.25486352702883064
0.25481656848635253
0.2546325156654987
0.2547256540141592
0.25478566162643573
0.2548733804580827
0.2548775564791924
0.2549033009411275
0.2547904558100332
0.25478732256605235
0.2549209596818161
0.254899123124565
0.2549003509616652
0.25487706130080584
0.25490458835385554
0.2549833905170136
0.25500084980872706
0.25475038473165196
0.25477845568459206
0.2549193845011766
0.2550245030036593
0.25508725681670197
0.25514916206796967
0.2550496381404683
0.25502619858033565
0.2549735384285656
0.25493988360586267
0.2549823138799407
0.25487786190000017
0.2548372351255219
0.2543369236877658
0.254324879540853
0.2544041746185767
0.25431921037375416
0.2543212524769686
0.2543789882888955
0.2543924125819909
0.2544951981691793
0.2544854791262662
0.25452638050258136
0.25441801665902214
0.254387403347839
0.25428776096985106
0.254331823285362
0.2543370210750742
0.2543806307162031
0.254447390380276
0.2542848815093524
0.25407056257754573
0.2540591811244412
0.25399982585147773
0.254018123096172
0.2540800841083665
0.2541774261434428
0.25419826331537215
0.2542924841114194
0.2541627749418359
0.2541954239531881
0.2542019102610811
0.25426376264146305
0.25422256059324255
0.25426181040279006
0.2542953648576622
0.2541941304157897
0.2543486736908831
0.2544146782958879
0.25441967062921417
0.2545171018317867
0.2544456897026402
0.2544826375903101
0.25444922690280347
0.2545470194026043
0.2544429160567061
0.2543885711384645
0.254297203991128
0.25426980184323156
0.25428334866202834
0.25418516521911105
0.2542322366756067
0.25425157845833585
0.25424538569768146
0.2542671933452782
0.2542822370854242
0.2544325695782604
0.25445851900598426
0.254372516920142
0.25442862147019996
0.25438253125964094
0.2543864402747305
0.25443048137101143
0.2542961347503053
0.2541695344976742
0.25425454417257176
0.2542924092867764
0.25428430604667984
0.2543993072559562
0.25428830598908453
0.2543419199092028
0.2543112559961857
0.25440495758113746
0.2543822769316459
0.25437803915499596
0.254221469407127
0.25433986483865967
0.25438843635212766
0.254390758057573
0.25436681195202937
0.25442744300518944
0.254477038388404
0.25433112614126213
0.2543969939803338
0.2542304061701082
0.25434538287331215
0.2544062364848486
0.25448942850345435
0.2545196960763175
0.2545794243645687
0.25459396466603745
0.2546127982589503
0.2547050702086807
0.2547222577678202
0.2547155452480956
0.25461574986279223
0.25476669618410935
0.25470865854736113
0.25480615700452186
0.25486415014733427
0.2548721153364743
0.25486719926103907
0.2548931526741723
0.25474078175179254
0.25455393575328106
0.2544412253158434
0.2544295090075069
0.2544676336048221
0.2545561826753693
0.25459278854460216
0.2545340551979398
0.25447907851814316
0.2544751872346075
0.25450575613036025
0.2545895949496173
0.2544806018162436
0.2543968383040048
0.2543111817956574
0.25431372087169957
0.2543640029775784
0.25444870203569947
0.25447270135818356
0.2545151055608902
0.25460117429154117
0.25470906697288315
0.2546483797297891
0.25464514605116423
0.2546900337763849
0.25464796721807914
0.25455104326981126
0.25461946934037016
0.25451848344824346
0.2545756595496624
0.254596976328149
0.2546084448948568
0.254705977747852
0.2546786959142082
0.2546366371977786
0.25459363173691063
0.25469131447721277
0.25478847608353217
0.25485788399779685
0.2548291834848892
0.25491215543910273
0.25495847375511055
0.2550633829531114
0.2551896335771029
0.2552511399831742
0.2551991424761161
0.25526928938498006
0.25541330805606544
0.25529560711903515
0.25528834500206476
0.2551478907574768
0.2550563614252744
0.25522410882849456
0.2552827753848875
0.2553653088722189
0.25526929923744457
0.25531146967037005
0.2552938322787377
0.2552714742798912
0.2551848867530111
0.25518800907090144
0.25503101816079754
0.2551284471662632
0.25517582419134793
0.2551518033196408
0.25511658685596256
0.25512922637096136
0.2551109601045598
0.2551550137396759
0.2551955810082939
0.25517951799015937
0.2552545041725425
0.25515039520092336
0.25519957399539794
0.25524716114221463
0.2553103231093852
0.25526226134424584
0.25542365881516665
0.2554430943190838
0.25560494092871033
0.2555590323966113
0.25545432868631973
0.2555659035833093
0.2556827019740412
0.2557022067891453
0.2557083259957037
0.2557158408906033
0.25574130007173307
0.25569145009740857
0.25565232206284405
0.255573984953722
0.2555341719098501
0.25557693799953946
0.25561680827198296
0.2554697850050744
0.2555036984091285
0.25531080163665953
0.2554506589029954
0.2556260061857169
0.25571137901251667
0.25557659815868966
0.2556414665218315
0.25550761747303524
0.25565080597777673
0.2556577638668131
0.25572643553062857
0.2558488172163833
0.25592989001757355
0.2559836353324326
0.2561109418340917
0.25629509177627013
0.25629196378853036
0.25620427225412457
0.2562450585130807
0.25629988528587394
0.25626819982856336
0.2562088380032006
0.256127390927544
0.256034404423317
0.2559313158416902
0.2559463686567826
0.2558440631078767
0.25575950482881693
0.25571692733971874
0.25579923392234005
0.2557565245319914
0.25576030484432033
0.25583797404267644
0.2559196016355057
0.2558923787790558
0.25568185866842924
0.2557761218704104
0.25596501432542895
0.2558103061473134
0.25599001876082395
0.2558990568539489
0.25590495730941076
0.2556943568669983
0.2558036369989937
0.25579563477716416
0.25552336918358176
0.2555472488632838
0.2554377234085567
0.2553734301527469
0.2554631561953402
0.2554489799355025
0.25547611930462255
0.25547005518376137
0.25551262424261173
0.2556310799924227
0.2555319245694105
0.25570845827755095
0.25592351753604314
0.25601089968157176
0.25612536728410806
0.2560586874656192
0.2558420979121612
0.2559769891113667
0.2559492727218654
0.25596972207595425
0.2559663571785578
0.2560328710484677
0.25592108032185945
0.2560138669199289
0.2560249227873616
0.2557282694373714
0.2558372291868516
0.2556981602793792
0.25583072797308426
0.25582222248651326
0.2558293472131058
0.2556503400466941
0.25573048188631203
0.25586079973305637
0.2559912297374872
0.25583523546686465
0.25589987832691946
0.25602809528479925
0.2561311587684905
0.2562621378197007
0.2563869049173546
0.25620039072284884
0.2563057971155441
0.256217724739978
0.2563647190097547
0.25648854417183703
0.25633599846357796
0.2563468052026534
0.25656025003097027
0.25645775111033164
0.25659235007856984
0.2565294645589041
0.25666043407310146
0.2567626124241675
0.25689070328735253
0.2567614660045959
0.256917151079845
0.25702476570774613
0.2569846609244757
0.25706187582328327
0.2570994213554538
0.2569859218954968
0.25700576796276703
0.2569671176628289
0.2569525091495589
0.257062129152792
0.2572910966851408
0.25741960587084645
0.25747749789530827
0.2571621661267647
0.25715605933001545
0.2571386014449518
0.25726421183316794
0.2572468425431956
0.25632578450444626
0.2563556558449877
0.2564506382683716
0.25655013323108555
0.2566771334097868
0.2567615810645586
0.2568850922621875
0.2570841392630629
0.257226566820582
0.2573227409383965
0.2570544375303237
0.2567265096598608
0.2566915262774873
0.25664988589157256
0.25671071735092865
0.25685383635662634
0.2567556080491209
0.25667392977445436
0.256634606375083
0.25666771867975013
0.25673137980832056
0.25665810973340486
0.256545707486076
0.2564677394477444
0.2565716385825214
0.25638025259074815
0.2564834606065585
0.2564140604619915
0.25658923270014994
0.2565502788255106
0.2564525598579036
0.2565367399817755
0.2566017497219998
0.2567322154630603
0.2568247850637747
0.2569751388255484
0.256863535435919
0.2568847958136599
0.2569293266183157
0.2570711941860693
0.256995375526439
0.25716193396327325
0.25731203667650815
0.25733189544128326
0.2573964038990069
0.25746719758099607
0.25740352808414657
0.25743236178452483
0.25744165386013
0.2575120688166438
0.25753729031883293
0.2572965755192623
0.25716779489938263
0.2571412919672701
0.2571509973227704
0.2571077826016201
0.25705244223240575
0.257114903074475
0.25722663763308
0.2569259540994919
0.2567546190997505
0.2567144216932062
0.2569058356637924
0.2568974349219572
0.2569894872532151
0.2567790208951534
0.2566959241407409
0.2566636508587521
0.25658024172220883
0.2565796110408892
0.2567002179747933
0.2568009567770942
0.2568249883227904
0.25690130207444245
0.2569187680442133
0.25701591780084254
0.25712111774521496
0.2573598840232173
0.25750035862724674
0.25742012718040225
0.2575390312450868
0.25769003348243585
0.257713325941004
0.2577237800181656
0.25736677451298823
0.25620366984141807
0.2562385069356356
0.25632088244827855
0.2561461613041427
0.2560362854874124
0.2560748230787669
0.25556539564297015
0.25561797930591584
0.2557216268115087
0.25582748823806206
0.25594566286627296
0.2558352696585158
0.2558983639736898
0.2560296170080614
0.2560248011617655
0.25572445058147314
0.25595396864682934
0.2560101296618073
0.25589359737604755
0.2557809846861257
0.25554237820631936
0.2556713028670699
0.2555678528607589
0.25546067640533815
0.2551972565399466
0.2551077664078858
0.25489544702173433
0.25483192120802706
0.25484132139838545
0.25439250541692093
0.25457027530454485
0.25462569634637416
0.25448860035223064
0.25438878191338926
0.2546006919595643
0.2546537334263518
0.25476517214034855
0.25482824782450825
0.2550014849937175
0.2551886926179608
0.25517384750902333
0.255014537653654
0.2551796613113687
0.2552031055707579
0.2553696394094776
0.2554743797758885
0.25566515633595016
0.2554649746770491
0.25549829263194207
0.25526614753575566
0.25511019647821265
0.25523238495648304
0.2552741355294849
0.25539261359794924
0.255354307799328
0.25551492339520826
0.2555534793053388
0.25576194332406244
0.2559350048524237
0.2560280348561614
0.255975629068086
0.25576480659044065
0.25592290498726095
0.2558108073924035
0.25589147763809633
0.25611588099615235
0.2562016209411664
0.25613148059951757
0.2562511504482827
0.2564408443455414
0.2564917568026098
0.25644715769029974
0.25662627536118665
0.2564839552317801
0.2564941136867579
0.2566642234861319
0.2568146030793549
0.25700399857617007
0.25680640771644375
0.2568813973000351
0.25677610332351153
0.2566551200851217
0.2564771590955808
0.25663889959649056
0.2566106346531306
0.2568172030820384
0.25695875100507864
0.2568512675639174
0.25685390524064167
0.2569993514583332
0.2571513453961388
0.25740922509787084
0.2576410083472552
0.2577374914518298
0.25770888297969946
0.25753139490994176
0.25781381471618103
0.2580707985071853
0.2579945426441313
0.258027170737875
0.25812089510690145
0.25808603764293303
0.2581256302122934
0.25789801455632294
0.2578391202353376
0.25792949771298246
0.2581359123854097
0.2580973807497269
0.25802834493915766
0.2579920944601941
0.25798200248045156
0.2581993734511632
0.2584088451612109
0.2584990158033699
0.2587652346108669
0.2589145329460512
0.2589919705853047
0.25915210872583155
0.25926010036515407
0.25936688262844493
0.25932930599193404
0.25943669863054364
0.2597481089037494
0.2593755934642068
0.2591760561188763
0.2590932353045437
0.2590346621135512
0.2591219223008267
0.2592764978308966
0.25956429313225016
0.25968518158662046
0.25967778842310885
0.25987948485070067
0.25969202279625897
0.2598319298071
0.25956208248258616
0.2594142046955991
0.2595681228511954
0.2594581216691797
0.25948941065372616
0.2595057943530734
0.25937676427631584
0.2589301908025803
0.25918978468525145
0.2594483263271537
0.2590067761658875
0.2583771501304003
0.2584125436336826
0.25811919382369386
0.2580554907059715
0.2581865609490492
0.258029652029096
0.25798222737340154
0.25822163192249414
0.25850891001350673
0.2583425375063915
0.25835987010352146
0.25831732062383284
0.25803736049160547
0.2581590703476927
0.257960245343202
0.25784767791357044
0.25793549393230564
0.2578995788708029
0.2573949960253206
0.2572861204490432
0.25701393500535713
0.25697546540591776
0.2569830195939814
0.2572835801700864
0.2569670227498572
0.2571745558889115
0.25712319628838354
0.2571308476700951
0.25720257856725975
0.25719666688642623
0.2573075978582677
0.25712866604059337
0.2572479125272779
0.25744211199342154
0.2577019004209334
0.2578805069691424
0.2576644975908009
0.257671506128829
0.2570628059502178
0.25699408738395224
0.25685090415734774
0.2567662840610507
0.25679114851031265
0.25680126433266737
0.2569288639985465
0.25700770707384735
0.2568177168803065
0.25674330188976974
0.2570121522766736
0.2565449976781742
0.2561587716175465
0.25609919636042977
0.25606394321303566
0.256158391610311
0.25611904656864226
0.2563215866943199
0.25619946955771633
0.2561723552050921
0.25605625550901906
0.2560370358286111
0.2559500600965501
0.25619023999459506
0.2565220037710796
0.2563659304420441
0.2565348483127998
0.2563048138581271
0.2560855366830018
0.25616623208852213
0.2562951166841345
0.25604640448213645
0.25644404021716133
0.2564198966247738
0.2562970289751795
0.2565408099590164
0.2563879177036017
0.25650016183044605
0.256798097685868
0.25683322577728773
0.2571380658495134
0.25712933721762604
0.2570382696769876
0.2549096267787875
0.25501686467085777
0.255316252943864
0.255427700465601
0.2554591015155677
0.25529250458899877
0.25548766408727175
0.2559254370069458
0.2560216125829681
0.2562957279504279
0.256656178232264
0.25671754951185566
0.25700830094359284
0.25748707425509226
0.2578338556186104
0.25786873083846507
0.25772470230645966
0.257880431083573
0.2575769042958994
0.25799063630955466
0.25805195158355737
0.25803069729264705
0.25839131995351855
0.2585216125808305
0.25886928318848706
0.258874470973707
0.2590792334490374
0.2594452638937295
0.2595340997849863
0.25999487294665774
0.2599004899596651
0.25980894958457545
0.25936102497509544
0.25956609233664524
0.2594046128009147
0.2597763010003785
0.2599803307701008
0.25978924128393055
0.2590897449958377
0.2595334153777392
0.25892312982189325
0.25869995264865686
0.2583025160724498
0.2575986935420895
0.2578390959879761
0.25717330586911524
0.2574407407850288
0.25781707091619904
0.2581311837832887
0.25790154960933276
0.2582009207801137
0.2582012500642451
0.2584684172089173
0.25862364724684767
0.2586820223427143
0.2587851552109152
0.25864117918635365
0.25788402161472385
0.2568834396696322
0.2568416647318027
0.2566337244935432
0.2571890489944857
0.256409276737724
0.25641650139292377
0.25657653555533516
0.2562410540925789
0.2564545098098404
0.25701497224156383
0.2563473536282515
0.2566061283010916
0.25665106231770307
0.2563592459200106
0.25590124036599626
0.2560964099212281
0.25644543504643685
0.2563197782678127
0.2563344129273486
0.2563733195959508
0.25617708306949305
0.2565894875952735
0.2562568167965567
0.2566673213085953
0.25719637845275434
0.2573990586452652
0.2570029042086313
0.2567518809892718
0.2563782175446868
0.2557273260923806
0.2562423926410304
0.2557638124777197
0.2555805161160427
0.2551974505881911
0.2552997505790802
0.25486317635486905
0.2542373453978623
0.25416448370346784
0.2539864295034728
0.2545134198512601
0.2546767861749309
0.25461626129124476
0.25490015125351106
0.2553097514167988
0.25517968165676225
0.254502702368885
0.2547727398465598
0.2540314077470851
0.25430712683231144
0.2543542121062983
0.25455794595459913
0.2534645009468324
0.25373578189733303
0.2535635666408254
0.2534553009938021
0.25376481012446145
0.25380289825601393
0.2538122377081402
0.25310059266407664
0.2534670449531871
0.25373085723328764
0.25328912083346355
0.25361672633237964
0.2541570511866289
0.25408829066274796
0.25432527119519416
0.2545185636747313
0.2542151927282261
0.2548960415871577
0.2546109310410883
0.25499983869236076
0.2552903898720946
0.2545427480987753
0.25510576684307334
0.25481507194557806
0.2548327630154814
0.2546713292430216
0.2545085714458968
0.25449108157132244
0.2546991809326237
0.25452160671343976
0.2544791682764333
0.2545423424839149
0.2550419061718189
0.2548383250198274
0.25495222310219146
0.2551609985070288
0.2553682594035578
0.25470919451800433
0.2552052294902413
0.2551415866875024
0.25556352216177247
0.2559518250200668
0.2557365939994464
0.25542002584762474
0.25559716859509085
0.2561330178651303
0.25574463263065295
0.25574016751095857
0.2550338857348222
0.25584669289834305
0.25564567422427176
0.2562642351424738
0.25667120469758126
0.2565979591313404
0.25664832034637225
0.25734400554849995
0.25695714000220615
0.25661017904858247
0.2557125560837704
0.25538077792532654
0.2556137296681579
0.2556040873064227
0.255825273830913
0.25532416561093807
0.2556775608588756
0.25583502316467677
0.256460642115338
0.25628175355903626
0.25571338849039366
0.25686650993626675
0.2566660222872091
0.25613555514410485
0.25668016587172565
0.25578429762395083
0.2563468035733489
0.2568425652937699
0.25556806425047146
0.2548613880502922
0.2555979933520288
0.2555663681823532
0.2564695037001725
0.2565048046890814
0.2563381971438301
0.25664872783633724
0.2571994120274748
0.2575169393993185
0.2562215876023715
0.25649785196376734
0.25677279355620103
0.2554942094521038
0.2557536559205146
0.25445952920917614
0.2553465485683623
0.2551217154334582
0.2547255337291016
0.25473743849473707
0.2548676077855904
0.2561152922439449
0.2568009981684726
0.25770890599986224
0.2566087207969548
0.25538164646888734
0.25538448688665205
0.2546778818451038
0.25433546814444
0.25459061834311997
0.2536036120474763
0.25376999626487456
0.25251572577202824
0.2528211591430846
0.2530731144020544
0.2531743138336558
0.25389789247888783
0.2547989525490081
0.2537795970582713
0.2534824324943932
0.2537326375281955
0.2526991947168199
0.25321749758383516
0.2545399349912028
0.2535801673704192
0.2544401101495371
0.25485301046947845
0.2558086743046085
0.255921101742914
0.25546529796875284
0.25489257611084404
0.25628126262027245
0.2555045150743165
0.2570325780230605
0.2561624671929207
0.2561539475494425
0.25790795971744124
0.259494032269624
0.2590816483832449
0.2585650149956247
0.2569167959265
0.25585538729888835
0.2540377929503012
0.2535478821710251
0.2535384347077488
0.2521676045451222
0.2522598721021979
0.25360880082230974
0.25243506407981303
0.24482276353891638
0.24293703102977166
0.24148140898253678
0.24361673980173015
0.24123091863932694
0.24250090770151203
0.24334107726031137
0.24465939094507622
0.24507963793674356
0.244120393009358
0.24245669754953747
0.2444482661864895
0.24503980459966224
0.24502125283829518
0.24259759605069506
0.24528894832681541
0.2475237717038052
0.24891057226412444
0.2503114282647664
0.25060249686098823
0.2534408233195526
0.24942127594227403
0.25363974000405726
0.2532497763707015
0.2526498982824219
0.25412748829322956
0.2552792579202855
0.25914358051584846
0.2627108237815394
0.26313345443742897
0.26303890277877146
0.26382461948087915
0.25916809094866194
0.257363234565841
0.2534025215931082
0.25652551559204373
0.2586976543009226
0.2557785013456554
0.2539055343528307
0.25316178351272556
0.25039740521628095
0.2536513942307773
0.2562649035378244
0.24646250406734777
0.241090745700155
0.23559768910373804
0.23741300958955244
0.2438236820562785
0.23444249558790944
0.23802150715375076
0.27098144233214944
0.13024743078890594